"","Connecting Tubule","Distal Convoluted Tubule","Endothelial Cell","Intercalated Cells Type A","Intercalated Cells Type B","Leukocyte","Mesangial Cells","Principal Cells","Proximal Tubule","Thick Ascending Limb"
"0",0.0477632137265796,0.0496727937171116,0.302044898443221,0.0393844296877299,0.143685229920562,0.0793467308932647,0.148015957115244,0.0269302561488517,0.113672913546333,0.0494835768011028
"1",0.0380679385022422,0.0473255845826133,0.384713548768797,0.0122457276033038,0.0907618120564805,0.106490654285558,0.161292463407288,0.0201225479793213,0.0849541526053006,0.0540255702090947
"2",0,0.0504911712461055,0.720359442759112,0.0227850430810084,0.0616095333143541,0.0439308783451916,0,0.0393831118649033,0.0352730064994503,0.0261678128898748
"3",0.125454700202198,0.0706184777614142,0.0791440093833901,0.0311140936135843,0.137555365495994,0.178339607365339,0.134731052473389,0.0473331397719309,0.0394256977447185,0.156283856188042
"4",0.070840447552538,0.0104114624711808,0.316389466713555,0.0402097149795367,0.224815326898067,0.0517004310321409,0.0601082142443974,0.0765588399947065,0.0536162122861498,0.0953498838277284
"5",0,0.0431719783775535,0.0713251497815295,0.0102464381482253,0.0539893080683219,0.106835381085542,0.362161414704873,0.0236829349459856,0.271617026356927,0.0569703685310418
"6",0.0341172871958736,0.0497982023990743,0.294268401187622,0.0118251970764563,0.0181597945448371,0.0329831006611386,0.331807500507472,0,0.154308892945041,0.0727316234824849
"7",0.0533467057184425,0.0306305484563936,0.561943796428236,0.0186239501543495,0.140355618780802,0.0203283878246728,0.102262947119525,0.0570676850706059,0.0154403604469723,0
"8",0.0134250122446449,0.142038729509135,0.492413245118263,0.31434997160557,0,0,0,0,0.0184415380990134,0.0193315034233737
"9",0.0516281242980967,0.0637453389869385,0.252483978547497,0.011783679091738,0.0322043983621493,0.114588790725556,0.27522781092695,0.0211310466739527,0.122775452728706,0.0544313796584159
"10",0,0.0293474512555527,0.0320735147370508,0.0343588225418953,0.0166104399140378,0.0195784777011543,0.361212649322765,0.086203582297603,0.277703234497162,0.142911827732779
"11",0,0.0395880882215945,0.536236827166866,0,0.187965931243606,0.0196438367572395,0.0837688017156371,0.0364602346197865,0.0230204317217841,0.0733158485534862
"12",0.0765480166069423,0.0213673651252473,0.163891863908237,0.0316389000946244,0.246828800320519,0.0751715466036932,0.106485426325969,0.0640183781060983,0.0808322265484377,0.133217476360232
"13",0.0682854991467015,0.16560770620861,0.0561447548170939,0.0188433953800785,0.141120936928812,0.0628293022794748,0.310301721974842,0.0276130134124898,0.0976714698633173,0.0515821999885798
"14",0.0424962655557271,0.0280361864557975,0.597831427473027,0,0.0416088775341814,0.0276921196201094,0,0.0625502167270705,0.0579055989339611,0.141879307700126
"15",0.0266162364229081,0.0294541540534454,0.206402275002334,0,0.171532308566445,0.0166899325222607,0.253749549811496,0.0532742844570825,0.19672009484788,0.0455611643161484
"16",0.041985298551277,0.0627133772048023,0.473580363108857,0.0227269692724101,0.0676710708506762,0.0784864853771088,0.0215865274574868,0.0311649628523931,0.0572092424410765,0.142875702883912
"17",0.0539713536234884,0.0382028233787388,0.0845947530441194,0.0245850492864515,0.147294025981013,0.0948520058628384,0.431747917605903,0.0356107952894277,0.0393578263036979,0.0497834496243227
"18",0.0504243308148387,0.260752200783508,0.524664322439525,0.016949860529695,0.0225815039827067,0,0.0721834303197363,0.0270651248869647,0.0140108561002723,0.0113683701427538
"19",0.0185604518734719,0.0673579968344162,0.373918394737435,0.0333602369554527,0.0297664730150392,0.0565814800805844,0.168266770222966,0.0406967021897357,0.165933812068091,0.0455576820228082
"20",0.0797750820958923,0.0516577627634442,0.50519361877331,0.0221715122477531,0.0670873762893885,0.0932576196211329,0.101046257606807,0.025444841819056,0.0300421979445659,0.0243237308386503
"21",0.0638481036077476,0.0668666395183844,0.152223499408609,0.0253786269661461,0.319119850131821,0.139162485147673,0.0981260441983108,0.036243654092833,0.0562025234576525,0.0428285734708226
"22",0.101498046304405,0.0211797895503358,0.284851688839701,0.0415785385535609,0.196099800241522,0.0776097212353762,0.0415631766472032,0.0528233849557793,0.12741551103297,0.0553803426391462
"23",0.020860694659185,0.0181955719255672,0.514393781909283,0,0,0.0199301964938824,0.378384616223715,0.022687468050808,0.0255476707375586,0
"24",0,0.035254978268329,0.169694781602425,0,0.0149859474665964,0.0558044653155603,0.365420835773845,0.0248255943916659,0.294381049378888,0.0396323478026905
"25",0.107034446665078,0.0715064891803559,0.176391071427792,0.0250379891087378,0.178601039025955,0.10184637028482,0.163723012204238,0.0285934366820103,0.0588723410459029,0.0883938043751087
"26",0.0406322518942171,0.0478969552654811,0.401267437177766,0.165848321104286,0.0912122333946456,0.0136757141032838,0.0425887758863364,0.045256838991627,0.0396554138669661,0.111966058315391
"27",0,0.0778744388718066,0.520076977745009,0.0326083049266174,0,0,0.171421931411959,0.0452021817335155,0.106690639018359,0.046125526292734
"28",0.0631009576092154,0.0459231398162073,0.246031306366681,0.0227633069223392,0.1786251050347,0.198148181182424,0.0875461777591502,0.0378610894569243,0.0363902445425635,0.0836104913097947
"29",0.0248609201378446,0.0142564271153117,0.0791649024672886,0.0262531962697974,0,0.0241727256987821,0.346483716489864,0.0423368816064774,0.250238970027178,0.192232260187456
"30",0.054129684831636,0.0209216536410524,0.49203794882479,0.0103806939390997,0.0221384634328395,0.0591178921879128,0.0866001882675137,0.0525465528178171,0.045007769655347,0.157119152401991
"31",0.0909978283163499,0.0419163412456074,0.234167053817347,0.130346491924909,0.153764200024964,0.128847939133702,0.0362560910743078,0.0395838733615161,0.0915269931557257,0.0525931879455716
"32",0.025246177152952,0.0233105980374054,0.656536916999224,0,0.084596010470204,0.0404065126046259,0.0676255737446214,0.030831345365646,0.0178765313888319,0.0535703342364898
"33",0.0152750735175921,0.0364805056192874,0.224372514722886,0.0708331190087653,0.245229807320227,0.116550330071653,0.0616560606458325,0.0288540421044193,0.102966559891537,0.0977819870977996
"34",0.0475843378053684,0.033661377573466,0.555440146268134,0.0122946290752511,0.0838377428291086,0.0683169817600903,0.121175028723334,0,0.0194244755801759,0.058265280385072
"35",0.0727344789609202,0.0599144615194477,0.262657509876137,0.0410548585147037,0.180043538187242,0.146066853960725,0.112520281537158,0.0337630686563125,0.0293733743605993,0.061871574426754
"36",0.0869276766538618,0,0.376101290970917,0.0418807412605365,0.181711022047302,0.107758589703671,0.0293669656019281,0.0321100152106756,0.0507473462358063,0.0933963523153014
"37",0.0278793611345788,0.0241725388298183,0.850310173907156,0.0135058687162656,0,0,0.0309646561730557,0.0353584616822092,0,0.0178089395569167
"38",0.0390216754149247,0.0856478445067651,0.190835241600809,0.198256263466339,0.0313887768231241,0.0560994724553772,0.346957947602108,0.0287182892953643,0.0230744888351885,0
"39",0.0339512537643263,0,0.493998294464931,0.0410834326203177,0,0.0125144989403966,0.118455954853653,0.0779965927737355,0.019044254534748,0.202955718047893
"40",0.0349586403804803,0.130182549165474,0.523655781222911,0.0156675498604789,0.0445569956302947,0.041574142700607,0.146071904074781,0.0206503953201487,0.0258248365128679,0.0168572051319565
"41",0.123641721768848,0.0515325812652396,0,0.0262441630968099,0,0,0.196813843535087,0.120465689392363,0.175990584621577,0.305311416320075
"42",0.0604464963113983,0.0361566150267379,0.561487907881769,0.0103348600635274,0.0680204619866682,0.0361554745360275,0.0699750199130108,0.0421258110999474,0.0344326791389763,0.0808646740419367
"43",0.0687767734066596,0.1341443098698,0.189382103785219,0.196330282889374,0.117530051300161,0.114812081217969,0.0710405565316416,0.0229211608227728,0.0115099880778243,0.0735526920985783
"44",0.0707287679387459,0.0492393905000192,0.281254804547312,0.0315159531096097,0.132868059456916,0.105681836890801,0.180661728132862,0.0112224014567463,0.0861807095645832,0.0506463484024046
"45",0.0701743957459977,0.0697132630939201,0.339714276118179,0.0675869802382312,0.0498994367709997,0.083724791901812,0.0927726174055285,0.0286474008307589,0.0376192700232184,0.160147567871354
"46",0.0567119330609699,0.0626563600377241,0.0759534859699094,0.0198441854772675,0.0439150111531711,0.0773139581254171,0.299678826996869,0.0685507572666838,0.134700991574888,0.1606744903371
"47",0.0625177964123767,0.0343289514980579,0.111476866924086,0.0434837258079335,0.235490799660537,0.073435463488295,0.107951668590416,0.0404607221010824,0.0817713727323717,0.209082632784844
"48",0.0855816821120913,0.063886304598914,0.204527400036357,0,0,0.0683006153855877,0,0.0802113595915709,0.0550478955893566,0.442444742686123
"49",0.0366632851920433,0.0344121069507343,0.0563340858526846,0.0359544268821657,0.0674808702424171,0.0535583398183413,0.58258926541258,0.030579896622883,0.0778293306543026,0.0245983923718483
"50",0.0481117428937068,0,0.309644569562396,0.0359112405855049,0,0.062132205822464,0.103718628248683,0.0258498810262704,0.0761109457053163,0.338520786155658
"51",0.0368725194703795,0.064443360465188,0.0519644012394217,0.158658555082786,0.226962821053647,0.0800398791323462,0.136835036936281,0.0682632817481812,0.0311502235546855,0.144809921317084
"52",0.0912516736742547,0,0.539143909519968,0.0172504413899799,0.0791784928620376,0.135554800067641,0,0.0284519853479232,0.0552747703483941,0.0538939267898018
"53",0.0427135855396408,0.182137620471475,0.0544435548085152,0.0276888889763989,0.0887987939222398,0.0574924235217163,0.077151742657289,0.0509878755587976,0.0349031091894414,0.383682405354486
"54",0.0301909659041993,0.0491153009671828,0.250929302326932,0.0311634011110493,0.0652709880099556,0.0358803249239486,0.265420126944323,0.0372216309165361,0.194791151270037,0.0400168076258368
"55",0.076325982436944,0.0403523718779349,0.0883008218498378,0.0565145507214389,0.313294698452594,0.107031443534058,0.0904123352913868,0.0324294675929461,0.0640521376363489,0.13128619060651
"56",0.0465249292273334,0,0.418148084505971,0.164513802180847,0.0373330871903936,0,0.0209255056648943,0.0364481793764679,0.0805688285865967,0.195537583267496
"57",0.0104189594667615,0.0434624409433635,0.525304936273124,0.0169537124010353,0.115512125336471,0.0261327564918104,0.0777680442611673,0.0508290184050582,0.108648821413833,0.0249691850073759
"58",0.0635030834071682,0.0410459935883765,0.239591991143243,0.0170754872999983,0.0563793278580353,0.159788311444447,0.145989256405247,0.0261731211589464,0.06534136609093,0.185112061603609
"59",0.0554131464039089,0.0441317336099935,0.528977973995726,0.0320714679408226,0.123036158101878,0.0692808079469828,0.0503674030020904,0.0285156272103709,0.0223302650913454,0.045875416696882
"60",0.0346155829324476,0.102944109484738,0.249801735222651,0.225937808817533,0.0907003695901301,0.0957760146570645,0,0.0225079418497588,0.0810997103655239,0.0966167270801531
"61",0.119548169911756,0.0765797228836968,0.152511031100816,0.0227184494108426,0.201053302327666,0.10355642731604,0.194223787654538,0.0501555851197576,0.0458003240569363,0.0338532002179524
"62",0.0367142704978647,0.0347971078889233,0.349903885240647,0,0,0,0.27405888882811,0.0302949934768644,0.175349250672607,0.0988816033949843
"63",0.0795203960270507,0.054316639532289,0.140838026612939,0.0768010039620882,0.0878843386928477,0.11912429887442,0.114582055267308,0.051491497589798,0.0595105517374142,0.215931191703845
"64",0.0253645930880637,0.0396007083712828,0.659043617503312,0.0179150819348564,0.105052513979469,0.0404069272334273,0.0580482997412207,0.0329571418745737,0,0.0216111162737941
"65",0.0571708730688258,0.0443990605981323,0.0976003722714378,0.0465694104198298,0.307780232414204,0.0353217223387747,0.0846890213306323,0.0553312253498581,0.120724117490639,0.150413964717666
"66",0.0582022278438089,0.0515718908331842,0.443005889374263,0.0277826924451337,0.107204707300859,0.048250845488158,0.0905522209771567,0.0408292457845481,0.0314543109784722,0.101145968974416
"67",0.0118181645795523,0.0231888097335759,0.595122947817461,0.0226062573354131,0.103117798728524,0.0456797497770414,0.0453825377142759,0.0273727001605843,0.0465629891992284,0.0791480449543447
"68",0.0124702295082822,0.0198534698793732,0.754838401993941,0,0.0871615637506432,0.0258861952503129,0.0170876109841288,0.0225898673150664,0.0318517631709938,0.028260898147259
"69",0.058030690080309,0.0665662645200013,0.194475583907936,0.0173965694642355,0.254743317855222,0.102021916907491,0.0789506628293215,0.0789711000332275,0.0160925609150778,0.132751333487178
"70",0.0370903113360211,0.0655480400942472,0.285320044707889,0.0200452214967484,0.259949930244118,0.0745262603390544,0.0724548683933937,0.0541879424041677,0.0345827272790974,0.0962946537052636
"71",0.0437448460458742,0.0368847811528745,0.386122241519825,0.0902392587649195,0.167638115057663,0.0444067059007089,0.0933660216959701,0.0652326419217113,0,0.0723653879404534
"72",0,0.104399223548685,0.414232829428689,0.298043773234725,0.0272581874242924,0.0288482480145543,0,0.0218868746313822,0.0267246523296246,0.0786062113880468
"73",0.216006371282212,0.384572208518124,0,0.144228221255229,0,0,0.0645445135761886,0.190648685368246,0,0
"74",0.0546944341252287,0.148890197693535,0.161392538852954,0.0179110300121039,0.332521599462338,0.0788744071876355,0.0575285548859276,0.0465594379413369,0.0590805561713933,0.0425472436675474
"75",0.0215425933538939,0.0265071158516718,0.483105739078925,0.0245500724679264,0.0870402461280942,0.0524681267864218,0.0784096473318641,0.0572689273238893,0.0776565081945097,0.0914510234828037
"76",0.0283838556541977,0.182998799066043,0.120402782005269,0.0442377713929549,0.0502999507522949,0.0461977895651755,0.0693635899613638,0.0703899527216841,0.0619941097566432,0.325731399124374
"77",0.0302855932531589,0,0.0212867266037597,0.0284156327957725,0.0340151901088832,0.0427159145514355,0.654006746326651,0.028590612146526,0.0270234837009865,0.133660100512827
"78",0.0664703828927651,0.0456042869565715,0.266175913699333,0,0.227296959039728,0.110665548164646,0.0448355989006332,0.0409629010019728,0.0841775917934967,0.113810817550854
"79",0.0302035844365528,0.102156432825367,0.123652056279548,0.156217822560589,0.104675580658069,0.0293752091376111,0.265893207570956,0.0333152232791458,0.0495455754858325,0.104965307766328
"80",0.0581606772752646,0.0488295630457658,0.339420911801395,0,0.0171987690531041,0.103167026772264,0.112818188086896,0.0378850922028367,0.0639233166521083,0.218596455110365
"81",0.0638187601050271,0.0414821921960856,0.276417290871491,0.0278166820216957,0.249995173986918,0.134354977917328,0.0765213028945855,0.0161963603192932,0.0448870895506063,0.0685101701369695
"82",0.168177965855488,0.0774444912293899,0.347947731502346,0.0243790281813571,0.0704237299397552,0.0345156203448878,0.0647745343119568,0.0850681454310585,0.0601362750251272,0.0671324781786336
"83",0.0595580103776587,0.051093960983123,0.0673882700326059,0.0436455225248917,0.0859574058919867,0.0842905316436832,0.320072777144637,0.0666941242743898,0.170288080979994,0.0510113161470306
"84",0.051921383138308,0.0227506569771001,0.650079600323988,0.0145113649804677,0.0458202484633581,0.0583750152549295,0.0615336284636918,0.0293778407976113,0,0.065630261600546
"85",0.0631592672568006,0.0625181047970416,0.228699630997807,0,0.0490658830853642,0.124919457579253,0.263502766498414,0,0.149425893667032,0.0587089961182869
"86",0.0845228934529874,0.0398160668196293,0.147287224723809,0.186239827179593,0.0710080579784329,0.130051146381762,0.121882008195063,0.0510859127017867,0.0190159122808833,0.149090950286053
"87",0.0312255271165635,0.0291617185234039,0.708501126962308,0.0224381803870412,0.0239797559613451,0.0661339722132138,0.0632287585336456,0.0348541400840631,0,0.0204768202184159
"88",0.0881006362008744,0.0175060229143999,0.545639819323797,0.0187227880720281,0.0598189164337541,0.135727097523068,0.0426245099038008,0,0.0400661591169237,0.051794050511354
"89",0.0374544894013094,0.035615233149926,0.199417997804725,0.0168261979404251,0.022383244247841,0.0186335861893578,0.341405288344411,0.0301039687170842,0.245383359457057,0.0527766347478622
"90",0.0272894040812603,0.0353446616000725,0.716148186994267,0.0127427078372772,0,0.0211940167276417,0.0208772928203707,0.0316933236353461,0.0440822014249136,0.0906282048788513
"91",0.0207366104752641,0.0364189781321459,0.730840373500224,0,0.0668694513828999,0.0394910680737686,0.0731995471244639,0.0103194599664576,0.0221245113447761,0
"92",0.0645158621876747,0.0658450001815306,0.415707026138111,0.0343988891626415,0.0739556454985228,0.150633215732903,0.135428512908168,0.0187633796443641,0,0.0407524685460844
"93",0.0646632746265244,0.093936711088372,0.343951553965203,0.0807403500829435,0.245027648466998,0.0385022744359338,0.0529912284576214,0.0487842937403237,0,0.0314026651360802
"94",0.0447342321067158,0.0583921561735516,0.236159117925468,0.0318925905053142,0.244382845382103,0.0155953947767233,0.0696322824037868,0.0563895588386749,0.0737783830703108,0.169043438817352
"95",0,0.0784046249230127,0.356502925125464,0.0472863399986986,0.0266496577138802,0.022544021836127,0.267000974071156,0.0260814412003393,0.110654083029413,0.0648759321019083
"96",0.0185374970383043,0.0924627420913686,0.0867387294592956,0.0239150576028574,0.0794960096763888,0.0405366098765001,0.351547655988517,0.0432706023414129,0.234420549074589,0.0290745468507659
"97",0.0809108919701319,0.0332645251304775,0.0416631442189067,0.01054070145921,0.0622165975529404,0.0575869684304069,0.408332303277003,0.04417520992822,0.19586226522985,0.065447392802854
"98",0.0266764981232897,0.0296299212298881,0.886028322071547,0,0,0.0268496741315864,0.012770521426129,0.0180450630175596,0,0
"99",0.0532970177233052,0.0244787439236306,0.23946110121137,0,0.113314891830486,0.0436484459743658,0.0927045842072932,0.0811677791182877,0.131014310001626,0.220913126009636
"100",0.121133482724206,0.0471068727195818,0.123994567504823,0.0253564171122491,0.281845127377012,0.0888067663148116,0.0706691316848363,0.0813883106894154,0.0822285910497795,0.0774707328232861
"101",0.0354642444789591,0.0695749746824282,0.129014927935522,0.0174284173509638,0.171510634234327,0.0244298549168679,0.421734422379919,0.0274364872979794,0.0426491306538594,0.0607569060691747
"102",0.0480248342161561,0.0672300587579009,0.140217933696151,0.0224365407162943,0.30616598077449,0.126695580113002,0.105129134881828,0.0180020522537147,0.0556005464458016,0.110497338144661
"103",0.0317077266810941,0.0259226286668194,0.345240708031131,0.0119073680724519,0.02427608311707,0.030286271975847,0.258823975261172,0.0404611451918805,0.157916184821767,0.0734579081807678
"104",0.146036519781357,0.0695430231645863,0.260863799276703,0,0.167481031312239,0.061279143991808,0.0265374203767048,0.10666079367438,0.0818902404083735,0.0797080280138475
"105",0.0578874696919534,0.0291441899404923,0.445576657729051,0.0230871573248712,0.0942862994656773,0.130105685841886,0.115585481254257,0.0131300041551645,0.0398423086770698,0.0513547459195774
"106",0.0445087665005277,0.0322993304120559,0.400729928944172,0.024662344891966,0.115443778258514,0.0623115590179744,0.100665094252777,0.0276797072758618,0.0551708124024525,0.136528678043698
"107",0.102470400599167,0.0499119785792121,0.147312769410809,0.0318542792989193,0.0797775714405675,0.103577238792995,0.0916318124760468,0.0771320641615503,0.0517279040432803,0.264603981197452
"108",0.0184890531936975,0.0192616955999161,0.247944832170838,0.0244579007475871,0.0419695946825664,0.0347819502862456,0.397943689001264,0.0416293653083111,0.138645764551128,0.0348761544584461
"109",0.0121761459748028,0.0187407963193565,0.590629524751551,0.0539912002186098,0,0.030362802785632,0.0455109042910834,0.0782993551112119,0.0549379546864466,0.115351315861306
"110",0.0440929161223014,0.0291580318615237,0.44242857310951,0.0306855605317757,0.106683352191993,0.109631283327493,0.0833406464546335,0.0375531294234445,0.0520126637483791,0.0644138432289459
"111",0.0862378465677938,0.158860155810534,0.221589998661222,0.0336613557653748,0.0968481137212219,0.0647839843158944,0.170827545040853,0.0318431740292983,0.0607233584926515,0.0746244675951563
"112",0,0.0289893984444719,0.897148109452129,0.014617292558625,0,0,0.0273472374819493,0.0203572360039151,0,0.0115407260589099
"113",0.0637476111683607,0.0646828645518885,0.0476954844212578,0.187458661639072,0.338592161358696,0.0240526275484413,0.0637059306319808,0.08111553731181,0.0396700940259368,0.0892790273425568
"114",0.0302307479733205,0.0234488218426061,0.033699766370734,0.0132115831725838,0.0328382579967654,0.0663708405336296,0.714222953931118,0.0345602731544883,0.0245060006009065,0.026910754423848
"115",0.0695461732811018,0.0246672653959484,0.226640546597875,0.0267014235347407,0.292548883479269,0.0883313433051654,0.143304399163592,0.0303137940281769,0.0490015357988313,0.0489446354152992
"116",0.0303674609178331,0.0305541853829786,0.271209302034981,0,0.138060802827422,0.0765218367116224,0.0637244934028608,0.0405804395171532,0.107322430828189,0.24165904837696
"117",0.028221570774972,0.0356919410634303,0.511485816076759,0.132958972972302,0.0544693916110234,0.0135694003288752,0.117161132482989,0.061793608254986,0.0168078672172628,0.027840299217401
"118",0.0389632523869958,0.0633921280684343,0.49137537382851,0.0253161714689857,0.0888468364538185,0.0992080139853165,0.0865063951405002,0.020514605970193,0.0333441870838299,0.0525330356134158
"119",0.0682654735766862,0.033651710748954,0.281476678978148,0.0250449580284585,0,0.0175668662424475,0.0635713253369928,0.0964459178676914,0.0717200280766721,0.34225704114395
"120",0.031732447546745,0.0288772220401812,0.67002524035528,0.0170639552349156,0.0303537590558525,0.0851071916033117,0.078037937164402,0,0.0253862253918412,0.0334160216074705
"121",0.0270899776825116,0.0533337681238139,0.468406141554594,0.0176085640053524,0.152766107262163,0.0724657963367367,0.128564326295929,0.0334081163372545,0.01943683250819,0.0269203698934553
"122",0.0384244493442303,0.0320616030520832,0.508261061481781,0.0197180350605423,0.196619461248019,0.0387678754316632,0.0709779608494417,0.0397248353247034,0.0127536742719257,0.0426910439356099
"123",0.0559347822993142,0.0302375361784899,0,0.0196505311340593,0.102766332610368,0.073786897139515,0.386494081182983,0.0786898777102105,0.12707698754401,0.12536297420105
"124",0.0753776265003843,0.0379378928510108,0,0,0.0830791821819468,0.120861163579396,0.143149897279481,0.0241405056902723,0.129973924653604,0.385479807263906
"125",0.0244531987161638,0.0258789598226731,0.561453998419239,0.0105841917189041,0.0482742999886447,0.0202773345850044,0.180517854990416,0.034889472012493,0.0802362435981659,0.0134344461482951
"126",0.0279924310885149,0.0544326731169503,0.576014914589389,0.284549331181987,0,0.0135884855553781,0,0.0288237302605291,0,0.0145984342072515
"127",0.0542066198510391,0.0151831039492491,0.206270453548111,0.0296666709882862,0.317120528953044,0.0252325368679275,0.137060350036216,0.0755348390438697,0.0535412929056482,0.0861836038566092
"128",0.014436461184124,0.0197686400671752,0.720435351217754,0.0126795801900598,0,0.0359067800231811,0.119961998692628,0.0217288618062702,0.012378702468583,0.0427036243502251
"129",0.0369894417395985,0.0412305015276537,0.512397472570584,0.0299081758534417,0.153889766811705,0.104121604438049,0.0326727210135923,0,0.0543477418174652,0.0344425742279105
"130",0.0515100485330352,0.0346033443653718,0.498294573916874,0.0393128172024073,0.0474874964705949,0.100888939194686,0.037260686852621,0.0526826793715888,0.0638454975470412,0.0741139165457799
"131",0.0650078961524229,0,0.581121519200275,0.0228692920699621,0,0.0158709572046912,0.0223396853653686,0.0705055301404908,0.0318018677195713,0.190483252147218
"132",0.0198367838633041,0.0559009093695517,0.458398348856,0.153698294107681,0.0273152312839692,0.0839908811594449,0.0556355377759974,0,0.0410185050799601,0.104205508504091
"133",0.0387732960226531,0.0276563275005156,0.390498991173616,0.0161592361301321,0.0432591457538967,0.111732033645193,0.292143173038549,0.022425671047098,0.0357153861589257,0.0216367395294214
"134",0.0563452017682447,0.0652541890662638,0.500024721635531,0.0400614488867745,0.0858839889976323,0.015745689605649,0.0722430961217674,0.0588636545672758,0.0229061773934052,0.0826718319574558
"135",0.0505604928074557,0.11433686094674,0.135422974093582,0.119559170654187,0.0943816120406602,0.0448835614340545,0.14505466947093,0.0473863087732498,0.0183365675290916,0.230077782250049
"136",0.0784002484407614,0.064698049362827,0.258370793109092,0,0.0942499682941982,0.180646872484598,0.0789080457421128,0.0392007208147,0.0714084997070827,0.134116802044628
"137",0.0492599710665999,0.0340170455337839,0.124852350245007,0.0253496422147004,0.177757952227096,0.0668638019721888,0.202491727479537,0.0711868294237489,0.121225207130857,0.126995472706482
"138",0.0472111139719233,0.0187065034889518,0.609541652318111,0,0,0.0359149132304193,0.0565654452336872,0.0445588702262688,0.0402241360244028,0.147277365506236
"139",0.0664057100464353,0.0179748317544759,0.541567085484599,0,0.0234584797383156,0.0271770035669629,0.0849776051377997,0.0509636932615726,0,0.187475591009839
"140",0.0329556534186022,0.0656511808029178,0.549777083517667,0.0354107960329804,0.0483950812165803,0.0478507708706228,0.033749299740686,0.0492252018113686,0.0416134777304436,0.0953714548581309
"141",0.0384743759037192,0.0423791459757325,0.602836455735706,0,0.0651833731000026,0.116646633916107,0.0507290916575117,0.0155019733932199,0.0208182253482308,0.0474307249697708
"142",0.0290140735976046,0.0214684099570516,0.611113116331018,0.0316432281888903,0.119795645285295,0.0271238710513598,0.0117237395636267,0.0620651468166823,0.026043968547238,0.0600088006612343
"143",0,0.0178417890383496,0.83868180277757,0,0.0149994253970907,0.0151371628689153,0.0721448134121306,0.0305971588625676,0,0.0105978476433766
"144",0.0513489428004747,0.0404805941490553,0.158873592010185,0.104888665632623,0.145865278799612,0.130142727860119,0.257832643342669,0.0116987186549497,0.0413753464560504,0.0574934902942626
"145",0.0476470433510339,0.0295113355931029,0.297770939713309,0,0.0506348228888053,0.135902103643468,0.101965706231641,0.012932644199213,0.104844592890153,0.218790811489274
"146",0.0951989766185972,0.0778901001241489,0.0985085166885658,0.114814262184712,0.133418839814262,0.234133751781934,0.0782325851796896,0.0493116844990757,0.0865085727511533,0.0319827103578624
"147",0.0309233518259662,0.0233349730445666,0.0529922491973946,0.0206630298794832,0.0589656350971833,0.0427402987447321,0.297408486083296,0.059513206022415,0.237169920452272,0.17628884965269
"148",0.030544357621035,0.028011127763888,0.154859588890584,0.0199141611923587,0.0845109679777249,0.0204289181933441,0.523012600662635,0.0462296614786891,0.0575080875712555,0.0349805286484857
"149",0.0349371790388793,0.0270753557833761,0.609820937319456,0.0279958501335099,0.0208830203290734,0.0506714254281151,0.0829941946872805,0.021034765996166,0,0.124587271284143
"150",0.0552468041526453,0,0.454104495185264,0.0224467412156563,0.0835138589710687,0.0930224196248328,0.0835983490018403,0.054049529302844,0.0629875179532081,0.0910302845926409
"151",0.0688427130716173,0,0.072562824248332,0.0391536901727402,0.0155197236537905,0.0963960402996052,0.0398207839021125,0.0922578660189251,0.101439199016162,0.474007159616715
"152",0.021954005459324,0.143955636722985,0.128584880488295,0.239196725142974,0.0287797273834985,0.0314271814798395,0.374402179407568,0,0.0316996639155152,0
"153",0.0699551417115701,0.132559091643748,0.0592587452543708,0.0233873019037504,0.184403049557084,0.11826225187824,0.142022096022191,0.0860811565049341,0.0557296480398795,0.128341517484233
"154",0.0368476118665818,0.0279086331914229,0,0.0203306660991332,0,0.0205330222969384,0.333604431337273,0.0690454646510755,0.269514339265092,0.222215831292483
"155",0.0674573360559165,0.0534632885020756,0.25646618558442,0,0.130624622151482,0.051577079762272,0.254744220889454,0.0425809807535199,0.027847765413839,0.115238520887021
"156",0.0686872972796458,0.0317224046491018,0.453108801910534,0.0209760596955806,0.125059427953921,0.110360618811188,0.0473887083935712,0.0645830979847584,0.0622906019283372,0.0158229813933628
"157",0.0292997736040629,0.0226259324303671,0.782950690480109,0,0,0.036550004907041,0.081168292789942,0.0333374627336449,0,0.0140678430548326
"158",0.0748521994772103,0.0202883013741019,0,0.0222149286742725,0.0449515747667931,0.0937954506651314,0.420590788856996,0.0669394605600971,0.211413158770527,0.0449541368548709
"159",0.0317523867522191,0.0328976918175025,0.677257206400743,0.0197076402499874,0.0423907746172576,0.0595460007281067,0.0777213729825942,0.0108613722714257,0.0478655541801639,0
"160",0.0441897141687593,0.0211316477457772,0.388486896758647,0.0393611856332597,0.0473015418807457,0.0640048646467602,0.0786299265999748,0.0547432727553628,0.0611401710378851,0.201010778772828
"161",0.0964427597995528,0.0551081825717777,0.0928423121094354,0.0362902432048328,0.265836680541449,0.153029282480493,0.160824445821452,0.0268810665715643,0.058645405279896,0.054099621619547
"162",0.0264594482758873,0.0342739577680006,0.0275319281583523,0.0101033503047305,0.0816038915100653,0.0538915729015804,0.678968148983999,0.0384712533089288,0.0255985445686746,0.0230979042197814
"163",0.0342526015985994,0.0843917651273794,0.40133121952484,0,0.209309880333198,0.0985275767032383,0.0260574358979171,0.0591231732906076,0.0510599732070278,0.0359463743171924
"164",0.0366429678581479,0.044563111910821,0.598589668408143,0.0175613188077671,0.0760363725523055,0.0240254233251728,0.0844873285179749,0.0363485398837256,0,0.0817452687359421
"165",0.0563683277679662,0.0181128346435811,0.455073233230895,0.0267874125194997,0.0891739781482532,0,0.0705812765885524,0.0653836949689297,0.0634285242853943,0.155090717846928
"166",0.0380564990870084,0.0375500258519767,0.21810790572588,0.0789254561492967,0.098172788253024,0.131861741397513,0.0643985375604107,0.048738544556617,0.0643832878644471,0.219805213553826
"167",0.0480199971047353,0.0271067693304165,0.330095480317422,0.0270402465776508,0.10227694227255,0.0761617251741395,0.169682573844695,0.0393532172616219,0.145591142532528,0.0346719055842412
"168",0.0825263002633273,0.0584575739393909,0.134517514693182,0.0125970932251949,0.30713720843342,0.1260289626398,0.0290353327714666,0.0544833661667013,0.107345611664551,0.0878710362029664
"169",0.0326224009721617,0.0383820762253529,0.552046987776759,0,0.153541200881827,0.0446883994560763,0.078715043477888,0.0620938105346266,0.0243335129075278,0.0135765677677802
"170",0.0779898070950441,0.0373548977615621,0.276566041455325,0.044847120204699,0.24917650984451,0.0817837443413093,0.0583408221728515,0.0787315667622335,0.0643255503069192,0.0308839400555463
"171",0.0468438818698112,0.0249280688357251,0.699526963640336,0.0198000829233142,0.118094204931247,0,0.0318912484925032,0.0371306232570342,0,0.0217849260500291
"172",0.081676872374854,0.0148836419416648,0.249087112548702,0.0372788559232405,0.283665752868915,0.0926892689098198,0.10762003016266,0.0355262995875182,0.0484161970580869,0.0491559686245388
"173",0.0236731471109517,0.0548140360633015,0.502171123759436,0,0.0812293702350207,0.182797033490822,0.0214792254897365,0,0.109865742658612,0.0239703211921202
"174",0.0379847652955684,0.0424480200818372,0.491760221714118,0.16798584454249,0,0.0263034086868857,0.0446541345499929,0.0399235857417758,0.0116762803374999,0.137263739049831
"175",0.0329918622342054,0.0227045018602378,0.192311164504416,0.0484872459956036,0.135536678749236,0.114538574144401,0.117600761130357,0.0402170471200515,0.081596731454655,0.214015432806837
"176",0.0723743184591817,0.0109838009369157,0.34181992578436,0.0808582317898269,0,0.0536930126489091,0,0.0495727289393081,0.0317633903860471,0.358934591055452
"177",0.0505947272302778,0.0223430969714682,0.786022988187315,0,0,0.0411577732003603,0.0322546453772157,0.0415718772608773,0.0149947077631172,0.011060184009369
"178",0.0497290974212748,0.0239900540966784,0.253620430683229,0.0315338946202518,0.18896807965194,0.0868425975508344,0.128785598515578,0.0628079459322244,0.0828419426515939,0.0908803588763955
"179",0.0108880499304843,0.0281424192653492,0.598922293530102,0.0278663498955756,0.133451039829361,0.0507033787763349,0.0533939484448316,0.0426576254984079,0.0387518810759534,0.0152230137536003
"180",0.0738872889103286,0.0509301643003503,0.0261287950616517,0.0138403265670451,0.168349569984337,0.0953745194256427,0.278917711057756,0.0472678927361535,0.186480676925132,0.0588230550316029
"181",0.0384167671023077,0.0628757134580115,0.10919856315854,0.108978365440534,0,0.016275767898954,0.275315287469196,0.0598274990260311,0.176805698648293,0.152306337798133
"182",0,0.0346901208957008,0.0206095821556816,0.0233454445973076,0.0765458781952378,0.0352797830670354,0.430786053009173,0.0375176171285487,0.279607592843456,0.0616179281078585
"183",0.0339206695670172,0.0359259524291896,0.42954331563987,0.0197510294475776,0.0470461126444112,0.0222030582176676,0.162082300543585,0.0523227108314281,0.116735992530815,0.0804688581484387
"184",0.0234676998957106,0.0207699401106359,0.663492182624903,0.0225171089143466,0,0.0303405780517179,0.031473557975028,0.0570017527792069,0.0253015818019349,0.125635597846516
"185",0.0534790446601037,0.0701368267597415,0.187081731671153,0.128914558454913,0.151593884159093,0.0503387933835985,0.11560232231404,0.0443732875993593,0.0404431453630933,0.158036405634904
"186",0.0751018049868618,0.0349245774610644,0.236019124205854,0.0265693236505472,0.0213244295935408,0.0361791479805732,0.274622233673561,0.0670611533071351,0.111405376663977,0.116792828476886
"187",0.0230766959918929,0.0469413420850162,0.295529691244724,0,0.0883460306603876,0.0231028497265924,0.247301627019036,0.0481239270195194,0.138994480758317,0.0885833554945144
"188",0.0513041945504752,0.0412525164147429,0.768063052506368,0,0.034432962735332,0.0387317930689535,0,0.046890541779574,0,0.0193249389445546
"189",0.105933757279948,0.0375560209429034,0.416466742056706,0.0147591730840851,0.0700843995472708,0.088315763496059,0.0696871897996333,0.0510629412235096,0.0413148321914117,0.104819180378473
"190",0.065119381157092,0,0.194557326021484,0.015139835806448,0.0962122903307352,0.0755335079449272,0.255006321751354,0.0151478987813821,0.194675304268885,0.0886081339376928
"191",0.115616448437415,0.0680291197116539,0.253371378119086,0.0338989115573599,0.15982552984375,0.089257107729484,0.143349213149537,0.0300043988953977,0.0393925580838872,0.0672553344724291
"192",0.0175811699198822,0.0214716038149656,0.538794738630661,0.0286145061079154,0.0191746198276418,0.0281393362375819,0.152340164512572,0.0580565972407893,0.102872569928945,0.0329546937790464
"193",0.0395108651019401,0.025491076177286,0.411876343064614,0.0102236018590813,0.0937370839495204,0.0503041740408189,0.218748678522706,0.0407290255872875,0.0821600143137255,0.0272191373830209
"194",0.0519387805954886,0.0510873574101344,0.386378179557561,0.0170927599276637,0.0613814978947527,0.111654812711471,0.137811081605831,0.0239982592924746,0.0929133647644192,0.0657439062402039
"195",0.0493060958551025,0.0128999321367592,0.396233275702977,0.0334237707639028,0.227418356918036,0.0454364236134976,0.0252936869711048,0.0548953601587364,0.050900766642441,0.104192331237442
"196",0.0584781816638431,0.0306891247157038,0.330345011887494,0.0249456541641827,0.103484583198045,0.0627339742735726,0.0736524590506175,0.0571337246795085,0.094522929431696,0.164014356935336
"197",0.0938740821585375,0.0510307696085545,0.573858202006768,0,0.0382657674877544,0.078834473130116,0.071252059473428,0.0275014115411169,0.0317593136443015,0.0336239209494227
"198",0.0567735276292041,0.0471732625160941,0.409186104205468,0.0247053333498153,0.18258256349197,0.0969367887190345,0.078593788910503,0.0620239512163109,0.0420246799615999,0
"199",0.0432464538494726,0.095554791050429,0.464693978725101,0.212154061845078,0.0521050071898534,0.0393739353036746,0.0225863336172315,0.0335197642414743,0.0187589323024464,0.0180067418752389
"200",0.0350060684138481,0.0263549196838465,0.731649037174838,0.0214917291810564,0.0570806360420823,0.0243676358049683,0.0398325194746775,0.0300116554146503,0.0226585798055267,0.0115472190045065
"201",0.0168147109510264,0.029849287210997,0.733619642670303,0.0226657350865979,0.0197126533354125,0.0483686048315482,0.0440353223859401,0.0234696450065282,0.0310171053409749,0.0304472931806721
"202",0,0.114914799536374,0.379020999910428,0.303117105035545,0.0363917895438665,0.0198340684174354,0.0772132184463497,0.0224732137549333,0,0.047034805355068
"203",0.0547569490295473,0.0539432553223403,0.448257254801345,0.0784485600784418,0.100137621013312,0.10202511715868,0.0121883189226407,0.0260143857470298,0.0526186494468126,0.0716098884798513
"204",0.0401242100068445,0.0571460241040943,0,0.0328996648236017,0.047233273057576,0.0780820702641709,0.300091434879388,0.0541213389735491,0.127127034528885,0.26317494936189
"205",0.0660371105682547,0.0571209350601284,0.346642591121661,0.0255427050798783,0.180313544325178,0.117969874362263,0.0639254846110567,0.0545628535043489,0.02753031393483,0.0603545874324013
"206",0.0479130492774789,0.0794432890116185,0.30134709500204,0.0801032279792885,0.221239504957503,0.0455849747590702,0.078341301885375,0.0754684141791694,0.0152625190524545,0.0552966238960028
"207",0.0266681458899437,0.0174901055757815,0.64928300724626,0,0.103450567512793,0.0415354108864721,0.0996107816131829,0.0288028108726095,0,0.0331591704029573
"208",0.14638273021722,0.0967156208872227,0.242661046277241,0.028210647883601,0,0.0255151151577833,0.0826081089946997,0.0681825242083977,0.0916555587178431,0.218068647655991
"209",0.1007699605485,0.0509924588427102,0.422341312720826,0.029205699360156,0.140832478244954,0.0578823423728893,0.10150573638289,0.0379381762038693,0.0288865914685159,0.0296452438546886
"210",0.0647535401062539,0.0806560932996694,0.223798506813461,0.0836900301202876,0.104145555706579,0.179753218440542,0.065952182845868,0.0311193732275067,0.0513422988167362,0.114789200623097
"211",0.0295361750585194,0.0675612236288557,0.160929037669723,0.137544391295684,0.014124076876656,0,0.462495731504849,0.0432570899373956,0.0845522740283181,0
"212",0.0237771520659841,0.0483312675807206,0.0303549393148226,0.0190435631709544,0.0585272854396427,0.0615059269803259,0.404771276349764,0.0633602390188582,0.233840381360278,0.0564879687186492
"213",0.104741363230019,0.0228438855862975,0.11815822136397,0.0853808701313578,0.279431786287847,0.119993753601617,0.110263072266996,0.0832621597890699,0.021007249538624,0.054917638204202
"214",0.0488510251221988,0.0480204830809616,0.331317157957933,0.0444096220868595,0,0.0390352853114729,0.126711155131974,0.0830237309269338,0.112269333241107,0.166362207140559
"215",0.0133644354651862,0.187691448691351,0.243182647377198,0.282065759671004,0.0171067093426771,0.0514685007483953,0.0980898730540386,0.0232996349526238,0,0.0837309906975255
"216",0.0219007982932231,0.0395367163136197,0.608104090080196,0.0529306554998124,0.0206615233109432,0.0561391339334423,0.0755437798850332,0.0522340201657268,0.0387627826358159,0.0341864998821876
"217",0.0756079097190265,0.0490349230996654,0.415512323485719,0.0410522759389143,0.138640530248995,0.0836662003063535,0.0725691291503866,0.0399338259328978,0.0450404864448337,0.038942395673209
"218",0.0251481463109797,0.0823746881355983,0.545812867787375,0.280530810502491,0.0148191218831671,0.0331935698905227,0,0,0.0181207954898665,0
"219",0.0665317845707428,0.0322310751860949,0.242934494557635,0.0241939014217001,0.224747181479603,0.156847171250326,0.0856056020274509,0.0153483830802583,0.0897514125355602,0.0618089938906296
"220",0.0905584182733442,0.0209571326713147,0.209481505952624,0.107622014624233,0.234840255968446,0.143477457761401,0.094800265859626,0.0119014984117717,0.054000281145827,0.0323611693314128
