"","Connecting Tubule","Distal Convoluted Tubule","Endothelial Cell","Intercalated Cells Type A","Intercalated Cells Type B","Leukocyte","Mesangial Cells","Principal Cells","Proximal Tubule","Thick Ascending Limb"
"0",0.0105637639782572,0.752652498169509,9.11601554769844e-05,0.0500152487198846,0.0778475971087515,9.11601554769846e-05,9.11601554769848e-05,9.11601554769784e-05,0.0707251160950213,0.0378311353066686
"1",0.000308081169249499,0.473803299922808,0.000308081169249472,0.0468086769936451,0.126257534242255,0.000308081169249501,0.000308081169249506,0.000308081169249505,0.171444094489741,0.180145988505303
"2",8.64941384050107e-05,0.190007398296031,8.64941384050917e-05,8.6494138405125e-05,8.64941384050809e-05,8.64941384051041e-05,8.64941384051014e-05,8.64941384051212e-05,0.707344071075738,0.102043071659395
"3",0.258103610483705,0.527614705289776,0.000142635562524043,0.000142635558471259,0.000142635562524071,0.000142635562524076,0.000142635562524072,0.000142635562524075,0.000142635562524037,0.213283235292903
"4",9.26236476078771e-05,0.894196862020634,9.26236476078575e-05,9.26236503139432e-05,9.26236476078766e-05,9.26236476078887e-05,9.26236476078821e-05,9.2623647607876e-05,0.105062148795782,9.26236476224591e-05
"5",0.000187359294213138,0.315911000411146,0.000187359294213148,0.414312119083761,0.197831482989008,0.000187359294213156,0.000187359294213145,0.000187359294213137,0.000187359294213144,0.0708212417508055
"6",0.00019711944239197,0.203072682692501,0.00019711944239197,0.241335891668801,0.358661151306716,0.000197119442391989,0.00019711944239197,0.000197119442391985,0.195747557678261,0.000197119441761018
"7",9.23524700838782e-05,0.594821017004702,9.23524700839092e-05,9.23524700838975e-05,9.23524700838828e-05,9.23524700838873e-05,9.23524700838825e-05,9.23524700838824e-05,0.404440163234417,9.23524702935556e-05
"8",7.95890386310005e-05,7.95890386310257e-05,0.64081763053853,7.95890409232709e-05,7.95890386310263e-05,7.95890386310168e-05,0.031350147556875,7.95890386310348e-05,0.327275098631705,7.95890388117264e-05
"9",0.000271040853604376,0.274841197437145,0.000271040853604391,0.149811197998407,0.196717057381709,0.000271040853604397,0.000271040853604389,0.000271040853604388,0.210733049702932,0.166542293211785
"10",0.260877017830626,0.0868528763719448,0.00021405973488063,0.430223059318227,0.220762688076342,0.000214059734880619,0.000214059734880626,0.000214059734880637,0.000214059734880637,0.000214059728456782
"11",0.00420222193091187,0.752692425748445,8.82460165386471e-05,8.82460165386302e-05,8.82460165386453e-05,8.82460165386385e-05,8.8246016538647e-05,8.82460165386429e-05,0.242487630202259,8.82460191530393e-05
"12",0.0661489846246477,0.928798487290658,9.97108412946458e-05,9.97108406867463e-05,9.97108412946421e-05,9.97108412946339e-05,9.97108412946568e-05,0.00435455219623919,9.97108412946332e-05,9.97108412948255e-05
"13",0.000139522490953662,0.70795766721084,0.00013952249095366,0.117286928827752,0.0805615668279238,0.000139522490953638,0.0933567021908802,0.000139522490953654,0.000139522490953648,0.000139522487835333
"14",0.258176982151479,0.332604877851236,0.000130403751637992,0.000130403751637888,0.000130403751638039,0.000130403751638024,0.000130403751638029,0.0165445453671771,0.391891172120697,0.00013040375122063
"15",8.68176308213853e-05,0.727163442986296,8.68176308213566e-05,0.153588428645663,0.118640404952299,8.681763082135e-05,8.6817630821375e-05,8.68176308213752e-05,8.68176308213573e-05,8.68176308136933e-05
"16",0.172229678411552,0.457788696246953,0.000124416514207951,0.000124416516167182,0.000124416514207958,0.000124416514207916,0.0146022336688629,0.000124416514207964,0.337216310064847,0.0175409990347858
"17",0.000136974336758785,0.667550513458278,0.000136974336758798,0.000136974336758784,0.27503643228637,0.000136974336758791,0.000136974336758783,0.000136974336758786,0.000136974336758769,0.0564542338980398
"18",0.000135486632780922,0.03140464805433,0.000135486632780921,0.000135486632780926,0.0155566346022097,0.000135486632780912,0.444278361512973,0.000135486632780923,0.507947436033814,0.000135486632768973
"19",0.000193830435939388,0.229891837108631,0.00019383043593941,0.21458811903389,0.166461408735315,0.000193830435939392,0.000193830435939388,0.000193830435939379,0.387895652506526,0.000193830435940598
"20",0.000137441316583347,0.367261406003814,0.00013744131658332,0.000137441316241164,0.000137441316583345,0.000137441316583346,0.000137441316583341,0.000137441316583344,0.491283969348871,0.140492535431574
"21",9.35969162508402e-05,0.927079221879447,9.35969162508237e-05,9.35969162514752e-05,9.35969162508503e-05,9.35969162508369e-05,9.3596916250872e-05,9.35969162508288e-05,9.3596916250835e-05,0.0721720027905458
"22",0.000102035845629927,0.891485491273906,0.000102035845629929,0.000102035845629935,0.000102035845629929,0.000102035845629925,0.000102035845629932,0.000102035845629928,0.0845613520196917,0.023238905786993
"23",8.69829662917592e-05,8.69829662917812e-05,8.6982966291797e-05,8.69829662917784e-05,0.445177265006416,8.69829662917712e-05,8.69829662917915e-05,8.69829662917786e-05,0.554126871263257,8.69829662841008e-05
"24",9.62049554708451e-05,0.0778414925471006,9.62049554708346e-05,0.562185070897159,0.359300001867442,9.6204955470803e-05,9.62049554708449e-05,9.62049554708531e-05,9.62049554708453e-05,9.62049554730986e-05
"25",0.0971104942508325,0.885476279012677,6.31026578050537e-05,6.31026578050441e-05,0.00893681283941119,6.31026578050444e-05,6.31026578050435e-05,6.31026578050442e-05,6.31026578050452e-05,0.00809779795024929
"26",0.122299486203654,0.45713991304549,0.204219462307916,0.00011678313568221,0.000116783136027579,0.000116783136027573,0.000116783136027569,0.000116783136027567,0.215640439627494,0.000116783135653768
"27",0.000127595855737329,0.0485289168254561,0.000127595855737332,0.173833647191533,0.184765899889101,0.000127595855737331,0.0674020748704253,0.000127595855737323,0.524831481950094,0.000127595850442218
"28",8.96168364452527e-05,0.73537229847174,8.96168364452179e-05,8.96168364359739e-05,8.96168364452584e-05,8.96168364452024e-05,8.96168364452587e-05,8.96168364452537e-05,8.96168364452551e-05,0.263910766836707
"29",0.447459489419851,0.0639287915666833,0.000195904891807409,0.285286964695091,0.202149324962905,0.000195904891807472,0.000195904891807457,0.000195904891807471,0.000195904891807456,0.000195904896432363
"30",0.203139104312524,0.306036790338249,0.000188549766303918,0.000188549766303884,0.000188549766303881,0.000188549766303877,0.00018854976630388,0.0766555872691559,0.388888973965812,0.0243367952827395
"31",0.000137971762350536,0.738743564435675,0.251306372105759,0.000137971762351321,0.000137971762350525,0.000137971762350518,0.00013797176235052,0.000137971762350527,0.000137971762350532,0.00898426112211187
"32",0.000131212450160107,0.480164269759422,0.000131212450160084,0.00013121245205367,0.000131212450160102,0.000131212450160101,0.000131212450160108,0.000131212450160112,0.518786030637397,0.000131212450167466
"33",0.0261956704856555,0.970401845028523,6.47571751612678e-05,6.47571751598621e-05,6.47571751068234e-05,6.47571751068266e-05,6.47571751068256e-05,6.47571751068233e-05,6.47571751068412e-05,0.00294918425996575
"34",0.000130426584429708,0.532606240201471,0.000130426584429716,0.000130426584429711,0.000130426584429716,0.000130426584429709,0.000130426584429716,0.000130426584429719,0.464004767835462,0.00247600587205923
"35",9.42621461107509e-05,0.761320549673129,9.4262146110744e-05,9.42621461130704e-05,9.42621461107371e-05,9.42621461107375e-05,9.42621461107398e-05,9.42621461107316e-05,0.0407169855079157,0.197302629796178
"36",0.000106731980988243,0.851796333309188,9.49178252788371e-05,9.49178252764967e-05,9.49178252788253e-05,9.49178252788091e-05,9.49178252788235e-05,9.49178252788241e-05,0.11154791849736,0.0359795092607927
"37",6.26205882643846e-05,6.26205882643857e-05,6.26205882644003e-05,6.26205882622577e-05,6.26205882643978e-05,6.26205882644244e-05,6.26205882643947e-05,6.26205882644077e-05,0.999436414711354,6.26205825332958e-05
"38",0.000118467975204981,0.141841371623093,0.411262218740712,0.000118467976362052,0.391547528839666,0.000118467975204992,0.000461855411547893,0.000118467975204998,0.00014631653507915,0.0542668369479248
"39",0.568121144114104,0.000144334531633169,0.000132294134012562,0.000132294134012524,0.000132294134012528,0.000132294134012514,0.000132294134012526,0.0376428920352931,0.393297864515318,0.000132294133589077
"40",0.000184167445592849,0.236911925571539,0.000184167445592849,0.000184167445592848,0.0762244241705312,0.000184167445592849,0.110457369443876,0.000184167445592869,0.528172042370293,0.0473134012157974
"41",0.427783971043694,0.167676911467886,0.000196731298272423,0.0724908595093426,0.0869233307120253,0.000196731298272426,0.000196731298272426,0.244141270775689,0.000196731298272427,0.00019673129827384
"42",0.016268482568278,0.504618328375554,8.70511761876581e-05,8.70511761886299e-05,8.7051176187653e-05,8.70511761876852e-05,8.70511761876615e-05,8.70511761876498e-05,0.478503830822853,8.70511761876545e-05
"43",0.000129851881073887,0.436940879249716,0.367297056726175,0.000129851880738361,0.000129851881073886,0.000129851881073898,0.00843452008928775,0.000129851881073883,0.000129851881073881,0.186548432648713
"44",9.21012135322213e-05,0.724537867064636,9.21012135322347e-05,0.0233557385014057,0.0691693161358881,9.2101213532229e-05,9.21012135322257e-05,9.21012135322248e-05,0.0979670156197096,0.0845095566106993
"45",0.267293954934623,0.35862653147484,0.0416198104836885,0.000276804247578484,0.000276804247531139,0.000276804247531138,0.0262527228148662,0.0565361301261781,0.165219291903998,0.0836211455191653
"46",0.584316150025873,0.186790205621244,0.000135212487538895,0.135277237932117,0.0928051314959651,0.000135212487538926,0.000135212487538943,0.00013521248753894,0.000135212487538942,0.00013521248710616
"47",0.134070570156137,0.862631747421078,9.1123018449188e-05,9.11230184501681e-05,9.11230184491862e-05,9.11230184491931e-05,9.11230184491795e-05,9.11230184491839e-05,9.11230184491818e-05,0.00265982129363981
"48",0.950223158345836,0.000181113134538817,9.29292977123198e-05,9.29292977122663e-05,9.2929297712326e-05,9.29292977122297e-05,9.29292977123182e-05,0.0489452234303437,9.29292977123217e-05,9.29293030076296e-05
"49",0.000130864446459087,0.396568009682654,0.000130864446459022,0.0839802749398545,0.499575617314995,0.000130864446459071,0.00013086444645907,0.000130864446459073,0.000130864446459034,0.0190909113837415
"50",0.870898035087579,0.00951421066876734,0.000136921994941687,0.000136921994945383,0.000136921994941609,0.000136921994941605,0.000136921994941615,0.000136921994941631,0.118629300274289,0.0001369219997112
"51",0.157985045946074,0.744098676339502,0.0973401344684643,8.23061779919364e-05,8.23061779947293e-05,8.2306177994708e-05,8.23061779947261e-05,8.23061779947284e-05,8.23061779947429e-05,8.23061779947197e-05
"52",0.000134258422522495,0.266857016003203,0.000134258422522471,0.000134258422522513,0.000134258422522526,0.000134258422522513,0.00013425842252251,0.000134258422522511,0.420987394098239,0.3112157809409
"53",0.504421261892047,0.407905183791595,0.000129545072125408,0.000129545071610085,0.000129545072125432,0.000129545072125427,0.0867667388074512,0.000129545072125432,0.000129545072125422,0.00012954507666883
"54",0.000187534245058547,0.38663163994947,0.000187534245058557,0.250520567971343,0.203341241922631,0.000187534245058544,0.00018753424505855,0.000187534245058549,0.158381344684292,0.000187534246972057
"55",9.88122363759526e-05,0.983888534462816,8.83522157211986e-05,8.83522157212338e-05,8.83522157212225e-05,8.83522157354957e-05,8.83522157212252e-05,8.83522157212242e-05,8.83522157212256e-05,0.0153941877907453
"56",0.605468715727513,0.0534974531772071,0.140946560479337,0.000127887897674272,0.000127887897674279,0.000127887897674278,0.000127887897674276,0.000127887897674278,0.199319943230306,0.000127887897264932
"57",0.000128032857948087,0.593498567532347,0.00012803285794812,0.0720668280016508,0.0243605725103524,0.00012803285794807,0.000128032857948066,0.000128032857948073,0.309305834807932,0.000128032857978052
"58",0.117270880274457,0.46365976495191,0.000136517592006907,0.000136517591656111,0.000136517592006863,0.000136517592006858,0.000136517592006866,0.0767001257338041,0.000136517592006858,0.341550123488138
"59",0.000130465886493146,0.633238093863657,0.000130465886493139,0.000130465886488723,0.000130465886493152,0.000130465886493152,0.000130465886493151,0.00013046588649316,0.340766388755177,0.0250822561757174
"60",0.000152770156122491,0.558584309007034,0.357602106909481,0.000128520849692575,0.000128520849689563,0.000128520849689564,0.0509388546882023,0.000128520849689564,0.000128520849689562,0.0320793549907087
"61",9.42350681871871e-05,0.897908528721008,9.42350681871876e-05,9.42350681871602e-05,0.000112411500244595,0.00328075183150698,9.42350681871958e-05,9.42350681871906e-05,9.42350681871897e-05,0.0981328975381174
"62",0.232102241564878,0.0475316256209018,0.000193684826218687,0.177732566091367,0.346043002052243,0.000193684826218696,0.000193684826218694,0.000193684826218698,0.195622140540136,0.000193684825598738
"63",0.543405425899834,0.343944916443057,0.0424214365542948,0.000188485087055137,0.00400161047231503,0.000188485085191604,0.000188485085191607,0.000188485085191605,0.0001884850851916,0.0652841852026775
"64",0.000133704117308099,0.473701715367706,0.000133704117308063,0.000133704117308057,0.000133704117308055,0.000133704117308055,0.000133704117307959,0.000133704117308055,0.525228651694257,0.000133704116880095
"65",0.0700896786168942,0.929377136252042,6.66481414943673e-05,6.66481414943268e-05,6.66481414943332e-05,6.66481414943538e-05,6.66481414943325e-05,6.66481414943287e-05,6.66481414943335e-05,6.66481406038067e-05
"66",0.000100813890938322,0.753789676109677,8.94623125135356e-05,8.94623125135461e-05,8.94623125135345e-05,8.94623125135318e-05,8.94623125135329e-05,8.94623125135349e-05,0.245483273811587,8.94623127166401e-05
"67",0.0418081543475273,0.589010555808509,0.00013181856690589,0.000131818566906949,0.000131818566905963,0.000131818566905952,0.000131818566905984,0.000131818566905982,0.368258559875634,0.000131818566893353
"68",8.49257797021939e-05,0.431160935980201,8.49257797022224e-05,8.49257797021792e-05,8.4925779702172e-05,8.49257797022193e-05,8.49257797021482e-05,8.49257797021483e-05,0.568159657786635,8.49257752485489e-05
"69",8.91300082753067e-05,0.908572283654301,8.73363342565432e-05,8.73363342574896e-05,8.73363342565398e-05,8.73363342565472e-05,0.0031410293231889,0.061998006283112,0.000318029412780905,0.0255321759813146
"70",6.40282861297924e-05,0.988131191768148,6.40282860263168e-05,6.40282861309247e-05,6.40282861298021e-05,6.40282861297794e-05,6.40282861298042e-05,6.40282861298117e-05,0.0113565819335964,6.40282954494862e-05
"71",0.0104141173677829,0.794709683719674,0.0464948344492794,5.75788421560362e-05,5.75788386267542e-05,5.75788386267509e-05,5.75788386267479e-05,5.75788386267503e-05,0.148035891424254,5.75788423464394e-05
"72",0.191983070870243,0.0903394086687226,0.568742252698,0.000117467034281744,0.000117467034281739,0.000117467034281724,0.000138478164555265,0.00011746703428172,0.14820945442707,0.000117467034282472
"73",0.000147909698528096,0.000147909698528097,0.000169046623090647,0.000147909698430038,0.000147909698528101,0.814715652112269,0.172592628779257,0.000147909698528093,0.011635214291953,0.000147909700887013
"74",9.43594111195739e-05,0.959631401668616,9.43594111195495e-05,9.43594111195702e-05,9.43594111195864e-05,9.43594111195696e-05,9.43594111195673e-05,9.43594111195729e-05,9.43594111195608e-05,0.039613723042427
"75",0.000186104221737561,0.593268495533234,0.000126343774986162,0.00437759360824879,0.0170685790441889,0.000126343774989075,0.000126343774989071,0.0413506782214255,0.343243174274005,0.000126343772195503
"76",0.722429155098744,0.151323175235357,0.000124524617500885,0.000124524617500904,0.000124524617500876,0.000124524617500881,0.125375997343393,0.00012452461750088,0.000124524617500885,0.00012452461750088
"77",0.159213360814879,0.306905357615714,0.000135861222271051,0.000135861221051699,0.532930253014728,0.00013586122227106,0.000135861222271069,0.000135861222271065,0.000135861222270994,0.00013586122227191
"78",0.000161584072333364,0.936738928557557,8.72508291438717e-05,8.72508291448292e-05,8.72508291438263e-05,8.72508291438344e-05,8.72508291438212e-05,0.00119119807339866,0.0321810128135892,0.0292910223374014
"79",0.19314710021936,0.485236641708157,0.161112221425083,0.000126274549256131,0.15268813269186,0.000126274544865168,0.00718453123206255,0.000126274544865162,0.000126274544865162,0.000126274539624888
"80",0.304066922847492,0.341129937272538,0.000195414714618537,0.000195414719219011,0.000195414714618543,0.000195414714618552,0.000195414714618542,0.115260989151171,0.165328820430732,0.0732362567203736
"81",9.28916121201462e-05,0.940719807182154,9.28916119763828e-05,9.28916129381282e-05,9.28916121201143e-05,9.28916121201413e-05,9.28916121201217e-05,9.28916121201168e-05,9.28916121201156e-05,0.0585370599202109
"82",0.000190355322336266,0.363331926155429,0.000190355322336267,0.000190355322336266,0.000190355322336269,0.14733802153581,0.000190355322336269,0.000190355322336269,0.300479664885694,0.18770825548905
"83",0.000197971606299491,0.470882723274039,0.000197971606299526,0.227721554931436,0.237453175409369,0.000197971606299492,0.000197971606299488,0.000197971606299504,0.000197971606299522,0.0627547167473596
"84",0.0207776047928499,0.359155675826321,0.000133281386796795,0.000133281386796398,0.000133281386796922,0.000133281386796883,0.000133281386796873,0.000133281386796897,0.61913374967325,0.000133281386797662
"85",0.000188275638690242,0.339720762616912,0.000188275638690231,0.121378299998528,0.272659080990901,0.000188275638690233,0.000188275638690228,0.000188275638690219,0.000188275638690231,0.265112202561518
"86",0.187061289225253,0.461765641609307,0.190601744938428,0.000185648445854786,0.00255739999325489,0.018917668649088,0.000185648445859427,0.0150180618551598,0.000185648445859434,0.123521248391937
"87",5.99395713508062e-05,0.0992575067512774,5.99395713425254e-05,5.99395736981659e-05,5.99395713425321e-05,5.99395713425587e-05,5.9939571342552e-05,5.99395713425601e-05,0.784823978426281,0.11549893782068
"88",0.000198291492852238,0.35869252057446,0.00019829149285228,0.000198291492852219,0.00266450316710014,0.000198291492852247,0.000198291492852236,0.000198291492852224,0.388325214834929,0.249128012466397
"89",0.000144697682599843,0.174606344803315,0.000144697682599833,0.366453515977143,0.381280774021063,0.000144697682599832,0.000144697682599845,0.000144697682599852,0.0767911791033437,0.00014469768213669
"90",0.133127473405424,0.113313519663749,9.68115961918532e-05,9.68115964398965e-05,9.68115961918487e-05,9.68115961918079e-05,9.68115961918409e-05,9.68115961918385e-05,0.752881325762313,9.68115911148961e-05
"91",8.03407808298389e-05,0.318547060174531,8.03407808298499e-05,8.03407799759164e-05,8.03407808298533e-05,8.03407808298402e-05,8.03407808298455e-05,8.03407808298579e-05,0.671201870195968,0.00968868416454559
"92",0.000133680774456851,0.362823645371759,0.000133680774456869,0.00013368077446426,0.000133680774456866,0.000133680774456869,0.000133680774456867,0.00013368077445684,0.334672039976691,0.301568549230344
"93",9.03484345984877e-05,0.829392580716855,0.0473031945903145,9.03484389204171e-05,9.03484345984726e-05,9.03484345984656e-05,0.0127117963472862,9.03484345984802e-05,0.110050337735875,9.03484323549533e-05
"94",0.277466699712774,0.721809144828998,9.05194328718549e-05,9.05194328718559e-05,9.05194328718507e-05,9.05194328718387e-05,9.0519432871868e-05,9.05194328718558e-05,9.05194328718508e-05,9.05194281248923e-05
"95",0.0680761727428591,0.249886805506059,0.0523210498092844,0.163776598312029,0.231951991716712,0.000181809128119788,0.0241370438185681,0.000181809128119786,0.209304910705837,0.000181809132411913
"96",0.000190277199629857,0.40138769522581,0.00019027719962987,0.343989025290564,0.216999741432102,0.000190277199629841,0.0359386150423499,0.000190277199629831,0.000190277199629863,0.000733537011025692
"97",0.000202160753711099,0.429676082894612,0.000202160753711095,0.291457059880569,0.236015550920703,0.000202160753711101,0.000202160753711094,0.000202160753711073,0.000202160753711104,0.0416383417818501
"98",6.31333395341571e-05,6.31333395334599e-05,6.31333395335026e-05,6.31333485875982e-05,6.31333395334759e-05,6.31333395334493e-05,6.31333395334749e-05,6.31333395334704e-05,0.999431799937117,6.31333375607828e-05
"99",0.262199293891003,0.657035701230344,9.01535109397878e-05,0.0380083845495023,0.0267134197160983,9.01535109398178e-05,9.01535109398268e-05,0.015571837981836,0.000110748592184954,9.01535062120467e-05
"100",9.55771334090297e-05,0.971160449316086,9.55771330859599e-05,9.55771337847168e-05,9.55771334090289e-05,9.55771334090123e-05,9.55771334090284e-05,9.55771334090255e-05,9.55771334090258e-05,0.0280749336165887
"101",9.24368985491404e-05,0.719853003114797,9.24368985491524e-05,9.24368981803534e-05,0.279407501691911,9.24368985491351e-05,9.24368985491362e-05,9.24368985491358e-05,9.2436898549131e-05,9.2436903816383e-05
"102",0.0105910452293367,0.97676944902986,8.76271262451282e-05,8.76271262617356e-05,8.76271262617299e-05,8.76271262584448e-05,8.76271262617312e-05,8.76271262617313e-05,8.76271262617317e-05,0.0120261158569914
"103",0.17200633790718,0.155550565065065,0.00027567874786912,0.190585212212013,0.232841050797607,0.000275678747869106,0.000275678747869103,0.00027567874786908,0.247638440278637,0.000275678748023178
"104",0.000173758181071893,0.770113216721524,0.000144779464187447,0.00014477946508299,0.00014477946418744,0.0589061565324365,0.000144779464187415,0.000144779464187414,0.0330869201061458,0.136996051136989
"105",0.000135695424314967,0.358689952656719,0.000135695424305084,0.00013569542430461,0.00177769498539436,0.000135695424304259,0.000135695424304269,0.000135695424304261,0.228036708837924,0.410681470974126
"106",0.145687544447655,0.69886883654677,8.89894160106619e-05,8.89894161511965e-05,8.89894161534312e-05,8.89894161534387e-05,8.89894161534276e-05,8.89894161534359e-05,0.154820693091741,8.89894170584429e-05
"107",0.411869972070201,0.464530451554228,0.000134996576550057,0.000134996576550865,0.000134996576550058,0.000134996576550091,0.000134996576550058,0.00804397337569357,0.000134996576550054,0.114745623540576
"108",0.000296649248735784,0.218863194594531,0.000296649248735713,0.331541673228342,0.287622696755691,0.000296649248735755,0.00029664924873577,0.000296649248735765,0.139809922501848,0.0206792666759092
"109",0.350330263629249,0.053963179424786,0.000138018089086916,0.000138018089086916,0.000138018089086921,0.000138018089086922,0.000138018089086921,0.0204051925695636,0.574473255842322,0.000138018088645148
"110",0.000132365299456542,0.454099395253728,0.000132365299456572,0.000132365299459747,0.000132365299456549,0.000132365299456545,0.000132365299456553,0.000132365299456556,0.200897791284876,0.344076256365197
"111",0.0297192742303631,0.626339755284062,0.000126192203119337,0.000126192203119338,0.122406731908582,0.00696085918563666,0.127728840527221,0.000126192203119334,0.0465779804152643,0.0398879818395133
"112",6.05108683239362e-05,6.05108683239425e-05,6.05108683239083e-05,6.05108719581264e-05,6.05108683239717e-05,6.05108683239185e-05,6.0510868323952e-05,6.05108683239436e-05,0.999455402182219,6.05108675550897e-05
"113",8.75808615584437e-05,0.87386751539414,0.125431837717973,8.75808615591837e-05,8.75808615584431e-05,8.75808615584423e-05,8.75808615584431e-05,8.75808615584433e-05,8.7580861558395e-05,8.75808569777452e-05
"114",0.000141638911758442,0.20256546747821,0.000141638911767123,0.00014163891176119,0.664000492771627,0.000141638911761196,0.00014163891176119,0.000141638911761183,0.000141638911761215,0.132442567367831
"115",9.12873647012784e-05,0.984368553278252,9.12873647013821e-05,9.12873646276908e-05,9.12873647013485e-05,9.1287364624443e-05,9.1287364701364e-05,9.12873647013432e-05,9.12873647013493e-05,0.0149011478042884
"116",0.50831283357436,0.490613558058374,0.000134201045743717,0.000134201047039546,0.000134201045743757,0.000134201045743767,0.000134201045743747,0.000134201045743757,0.000134201045743772,0.000134201045764267
"117",0.000121547801787482,0.303450993307121,0.206694543952376,0.000121547801787484,0.0837538374548053,0.000121547801787478,0.000121547801787481,0.000121547801787481,0.405371338475362,0.000121547801398435
"118",0.000196745087630245,0.634608806484791,0.00750029102775681,0.000196745087630265,0.000196745087630267,0.000196745087630268,0.00019674508763027,0.000196745087630256,0.316906634352797,0.0398037976088737
"119",0.635326652413638,0.000145860595719608,0.000145860595719604,0.000145860600439871,0.00014586059571961,0.000145860595719604,0.000145860595719606,0.270218340418346,0.0934339829932787,0.000145860595699163
"120",9.31368105201798e-05,0.186463798206779,9.31368105201438e-05,9.31368129908864e-05,9.31368105201875e-05,9.31368105202031e-05,9.31368105201728e-05,9.31368105201991e-05,0.688697493216268,0.124186750900841
"121",0.000128084315280718,0.661751363028476,0.000128084315280702,0.000128084315280689,0.000128084315280689,0.00012808431528069,0.00012808431528069,0.000128084315280689,0.304903077914195,0.0324489688503637
"122",8.94967455989955e-05,0.761104986171463,8.94967455989983e-05,8.94967453692196e-05,8.94967455990064e-05,8.94967455989805e-05,8.94967455989901e-05,8.94967455989962e-05,0.238179039868621,8.94967409525558e-05
"123",0.245914464168616,0.397008980231822,0.000191737065516296,0.101261426375498,0.190707853634785,0.000191737065516309,0.000191737065516278,0.000191737065516309,0.000191737065516296,0.0641485902616982
"124",0.540964520288121,0.45804419557171,0.000123910517506196,0.000123910517625155,0.000123910517506212,0.000123910517506224,0.000123910517506209,0.000123910517506214,0.000123910517506244,0.000123910517506213
"125",0.000128992899159817,0.252659450870787,0.00012899289915985,0.113117520071224,0.113573654200533,0.00012899289915981,0.000128992899159802,0.000128992899159782,0.519370981214571,0.000633429147087007
"126",0.000122151176132562,0.045892283031928,0.52289888215841,0.000122151176128703,0.000122151176132565,0.000122151176132538,0.000122151176132581,0.000122151176132563,0.430353776577129,0.000122151175741579
"127",0.000106494214868419,0.999041552065538,0.000106494214868409,0.000106494215290634,0.000106494214868417,0.000106494214850381,0.000106494214868342,0.000106494214868407,0.000106494214868407,0.000106494215110192
"128",9.00558506590716e-05,0.0615942737007356,9.00558506590519e-05,9.00558506590542e-05,0.0964433592890122,9.00558506590244e-05,9.0055850659075e-05,9.00558506590769e-05,0.841331976055639,9.00558506590777e-05
"129",0.000135802608376937,0.686128762353435,0.00013580260837694,0.000135802608376934,0.000135802608376926,0.000135802608376926,0.000135802608376926,0.000135802608376924,0.26723929844933,0.0456813209385967
"130",0.118500847846707,0.266835755823996,0.000185918175295362,0.000185918177139891,0.000185918175295369,0.000185918175295372,0.000185918175295361,0.000185918175295362,0.420781042673101,0.192766844602579
"131",0.388347247346998,0.0583979461674292,0.000189585139775305,0.000189585139775323,0.000189585139775306,0.000189585139775306,0.000189585139775293,0.106319235817293,0.445798059830235,0.000189585139168475
"132",0.154476351229417,0.28636427039215,0.193693152390425,0.000172257984424682,0.00017225798442367,0.000172257984423675,0.000172257984423665,0.000172257984423692,0.315635936066285,0.048968999999603
"133",0.00747145263452348,0.28308257935717,0.00018361163688907,0.000183611636889063,0.251739377202609,0.00018361163688906,0.000183611636889056,0.00797783678711604,0.35684777027615,0.0921465371948759
"134",0.157905711332425,0.402291294908751,0.0170610760245315,0.000122205037460102,0.000122205037457254,0.000122205037457254,0.000122205037457254,0.000122205037457252,0.422008687505257,0.000122205041746333
"135",0.35977015087678,0.450601465178137,0.11243276666361,0.000130597723675276,0.000130597722851513,0.00013059772285152,0.0764120309439586,0.000130597722851508,0.000130597722851511,0.00013059772243349
"136",0.0791601210862997,0.568435553114218,0.000129869219978687,0.000129869219582212,0.000129869219978692,0.000129869219978692,0.000129869219978688,0.000129869219978688,0.07996867167788,0.271656438802127
"137",0.138550166481978,0.735106813400256,0.000134319824926104,0.0216047765612461,0.0422326577570665,0.0001343198249261,0.000134319824926091,0.0001343198249261,0.000134319824926104,0.061833986674823
"138",0.498998646534728,0.00013698376930237,0.000136983769302446,0.000136983773807093,0.000136983769302369,0.000136983769302368,0.000136983769302372,0.000136983769302369,0.499905483301644,0.000136983774007127
"139",0.375636674219815,0.203666212031509,0.000125053773553361,0.000125053773553376,0.000125053773553376,0.000125053773553397,0.000125053773553375,0.000125053773553378,0.41291691212517,0.00702987898218647
"140",0.341186588760647,0.18409479472664,0.000196811826585272,0.000196811826585275,0.000196811826585271,0.000196811826585268,0.00125939045349666,0.0464237165291023,0.426051450397187,0.000196811826585271
"141",0.000129077663243455,0.295203550117977,0.000129077663243449,0.000129077663243447,0.00217469417475314,0.000129077663243454,0.000129077663243455,0.000129077663243436,0.508396994306645,0.193450295421164
"142",8.93484622662544e-05,0.605396354702137,8.93484622662726e-05,8.93484622664623e-05,8.93484622662558e-05,8.93484622662686e-05,8.93484622662558e-05,0.0125177543674587,0.381460451689445,8.93484673620734e-05
"143",6.36547263610158e-05,0.0460037551481976,6.36547263610463e-05,6.36547276628266e-05,6.36547263610229e-05,6.36547263610353e-05,6.36547263610351e-05,6.36547263610261e-05,0.953487007039659,6.36547263143318e-05
"144",0.0270206852611333,0.66748016972232,0.0908834464357778,8.53689535502922e-05,0.117717422127258,8.53689533391016e-05,8.53689533390983e-05,8.53689533390957e-05,8.5368953339124e-05,0.0964714316866043
"145",0.480980613650054,0.319284731226526,0.000129118524140198,0.000129118524140002,0.000129118524140055,0.000129118524140059,0.000129118524140056,0.000129118524140051,0.10985635793161,0.0891035860469692
"146",0.000136600255598392,0.192184897529431,0.182962460020048,0.000136600255599812,0.00013660025559839,0.000136600255598389,0.000233281688034174,0.000136600255598423,0.000136600255598385,0.623799759228895
"147",0.32755804719361,0.297493642891033,0.000203560262088626,0.215627868221314,0.147744824613322,0.000203560262088595,0.0002035602620886,0.000203560262088593,0.00020356026208855,0.0105578157702773
"148",8.98183575019927e-05,0.569476100514352,8.98183575020042e-05,8.98183575019209e-05,0.397138680770195,8.98183575020049e-05,8.98183575019992e-05,8.9818357502007e-05,0.0327564902078207,8.98183626200376e-05
"149",0.223797589403754,0.194350853266005,0.000127412836023518,0.000127412836497074,0.000127412836023499,0.000127412836023509,0.000127412836023493,0.000127412836023495,0.580959667477601,0.000127412836026594
"150",0.197373754699279,0.448331021083319,0.000185938915582601,0.000185938917456551,0.000185938915582588,0.000185938915582586,0.000185938915582589,0.000185938915582586,0.290070323024874,0.0631092676971587
"151",0.961427875011678,0.00835784399026125,9.22449760164967e-05,9.22449787089803e-05,9.22449760165603e-05,9.22449760165624e-05,9.22449760165333e-05,0.0202475927729658,9.22449760165858e-05,0.00941321836630283
"152",8.24421149727169e-05,0.121954827049562,0.484319097856518,8.24421149727033e-05,0.346384302408422,8.24421149727329e-05,0.0456328620850605,8.24421149727239e-05,8.24421149727354e-05,0.00129670002557405
"153",0.0949039058511068,0.673145636595104,9.37300482203867e-05,9.37300482203916e-05,9.37300482203895e-05,9.37300482203901e-05,9.37300482203893e-05,9.37300482203889e-05,9.37300482203958e-05,0.231294347216246
"154",0.497864279347621,0.0286908665014453,0.000140926502895963,0.363103632866388,0.109495662273,0.00014092650289954,0.000140926502899488,0.000140926502899491,0.000140926502899547,0.000140926497051177
"155",0.0658965489277533,0.754867750779862,6.130124077111e-05,6.13012407710998e-05,0.146365278803297,6.13012407711274e-05,6.13012407711142e-05,6.13012407711135e-05,0.0325026140444268,6.13012408053325e-05
"156",0.000136567630245287,0.468000766351404,0.000136567630245269,0.000136567630245362,0.000136567630245311,0.000136567630245304,0.000136567630245298,0.000136567630245293,0.26110610546371,0.269937154773168
"157",6.08580900488608e-05,0.0323542088097346,6.08580904014522e-05,6.08580904013014e-05,6.08580904014434e-05,6.08580904014162e-05,6.08580904014453e-05,6.08580904015327e-05,0.960256193228736,0.00696359132907136
"158",0.000124106537685817,0.268434682273774,0.000124106537685878,0.247477443118238,0.338215700481644,0.000124106537685866,0.00012410653768585,0.000124106537685866,0.000124106537685867,0.145127534900229
"159",9.04704185525645e-05,0.178386655722468,9.04704185525514e-05,9.04704187253602e-05,9.04704185525504e-05,9.04704185525496e-05,9.04704185525736e-05,9.04704185525295e-05,0.718544785072848,0.102435266274643
"160",0.528566378306841,0.235802494985874,0.000129649418490421,0.000129649418495845,0.00012964941849043,0.000129649418490421,0.000129649418490424,0.000129649418490427,0.229810677180271,0.00504255301606538
"161",9.74980418232972e-05,0.908675331151998,9.74980413403228e-05,9.74980428708887e-05,9.74980418232791e-05,9.74980418232672e-05,9.74980418232554e-05,9.74980418232696e-05,9.74980418233153e-05,0.0905446845128508
"162",0.000133993657500235,0.451869643982461,0.000133993657500227,0.00013399365750031,0.547058406757537,0.00013399365750023,0.000133993657500243,0.000133993657500234,0.000133993657500186,0.000133993657500232
"163",9.23020092842327e-05,0.915345353208304,9.23020092842422e-05,9.23020092842533e-05,9.23020092842497e-05,0.0182368144042154,9.23020092842387e-05,9.23020092842513e-05,0.0657717183225144,9.23020092604431e-05
"164",0.0344589313226404,0.502434100542651,8.42510586461728e-05,8.42510634038277e-05,8.42510586461833e-05,8.42510586461839e-05,8.42510586461803e-05,8.42510586461835e-05,0.462517210719427,8.42510586467052e-05
"165",0.0758501415322851,0.536527844028289,0.000137772345218074,0.000137772345233656,0.000137772345218065,0.000137772345218093,0.000137772345218067,0.118450850770858,0.268344529602943,0.000137772339518388
"166",0.237460296558307,0.643615414144559,0.0329567395674378,0.000128951374603495,0.000128951374602062,0.000128951374602056,0.000128951374602066,0.0319711929509394,0.000128951374602062,0.0533515999057448
"167",0.000197588714413381,0.515674096527651,0.000197588714413417,0.0735938962195905,0.140868090050864,0.000197588714413378,0.000197588714413372,0.000197588714413373,0.173773521989104,0.0951024516407238
"168",9.40637430391992e-05,0.952710462869654,9.4063742931419e-05,9.40637430392308e-05,9.40637430392476e-05,9.40637430392133e-05,9.40637430392305e-05,9.406374303923e-05,9.40637430392254e-05,0.0465370271861397
"169",8.44509272893029e-05,0.7073074973114,8.44509272893086e-05,8.44509272883248e-05,8.44509272893265e-05,8.44509272892687e-05,8.44509272893532e-05,8.44509272893317e-05,0.292016895270276,8.44509273004248e-05
"170",9.70963014187061e-05,0.940756796277537,9.70963014187093e-05,9.7096300281711e-05,9.70963014187118e-05,9.70963014186989e-05,9.70963014187075e-05,9.70963014187108e-05,0.0584664333115689,9.70963021002264e-05
"171",8.82830357408095e-05,0.426560088966887,8.82830357408465e-05,8.82830357375704e-05,8.8283035740769e-05,8.82830357408081e-05,8.82830357407764e-05,8.82830357408062e-05,0.572733646751791,8.82830311400533e-05
"172",9.41376193337092e-05,0.991249819458104,9.41376198747568e-05,9.41376195058108e-05,9.41376193336894e-05,9.41376193336527e-05,9.41376193336901e-05,9.4137619333665e-05,9.41376193336898e-05,0.00799707958651289
"173",0.000135877095529716,0.305606700855275,0.000135877095529662,0.000135877095529712,0.000135877095529723,0.00013587709552972,0.000135877095529727,0.000135877095529725,0.260920090514961,0.432522068961056
"174",0.327303176322466,0.0417903779163727,0.198697956035624,0.000188934162027631,0.000188934162027634,0.00018893416202763,0.000188934162027634,0.000188934162027634,0.43107488475337,0.000188934162029652
"175",0.278424114150644,0.676369324486099,0.000142956721860633,0.000142956721855312,0.000142956721858856,0.000142956721858872,0.000142956721858861,0.000142956721858856,0.000142956721858825,0.0442058643102471
"176",0.837997533102371,0.000146985944921825,0.0197275460960926,0.00014698594492183,0.000146985944921818,0.00014698594492183,0.00014698594492183,0.00014698594492183,0.141246019190369,0.000146985941636702
"177",6.17071618231311e-05,0.0310380854917658,6.1707161823094e-05,6.17071618273815e-05,6.17071618231248e-05,6.17071618230904e-05,6.17071618231259e-05,6.17071618231216e-05,0.940567393361351,0.0279625710141172
"178",6.05608981513487e-05,0.894496790835487,5.99110719772921e-05,5.99110719773171e-05,0.0383816757723348,5.99110719773498e-05,5.99110719773095e-05,0.0286959892698092,0.0380654278651313,5.99110711768151e-05
"179",8.40806895875809e-05,0.538458659018701,8.40806895875801e-05,8.40806897184496e-05,8.40806895875786e-05,8.40806895875923e-05,8.40806895875838e-05,8.40806895875851e-05,0.460868695461976,8.40806920785814e-05
"180",0.000136705711062414,0.750578998405062,0.000136705711063891,0.0923209253957697,0.0847050655269701,0.000136705711062409,0.000136705711062412,0.000136705711062413,0.000136705711062397,0.0715747764058222
"181",0.199171715656257,0.231823537118783,0.143427146018214,0.119802653673491,0.251909150935733,0.000278982890904677,0.0175240321692263,0.0355048157519867,0.00027898289090468,0.000278982894499213
"182",0.000141002954586965,0.373731043131631,0.00014100295458663,0.407734759182761,0.217547177003951,0.000141002954587031,0.000141002954586965,0.000141002954586966,0.000141002954587005,0.000141002954135645
"183",0.133968222734397,0.267960036085801,0.00013070640380084,0.114437914866925,0.0941324837971025,0.000130706403800886,0.000130706403800861,0.000130706403800858,0.388847810497188,0.000130706403382488
"184",0.102035704241325,8.82291826004875e-05,8.82291826005186e-05,8.82291825983284e-05,8.82291826004939e-05,8.82291826004785e-05,8.82291826004936e-05,0.0655786576439622,0.831768033836311,8.82291828008019e-05
"185",0.239393058026562,0.657022002656661,0.102681611815486,0.00012904678959436,0.0001290467852824,0.000129046785282405,0.000129046785282401,0.0001290467852824,0.000129046785282417,0.000129046785284443
"186",0.173881676104259,0.255104763730968,0.000276707577528069,0.130506634655886,0.227139629394511,0.000276707577528093,0.000276707577528091,0.000276707577528108,0.187894880203479,0.0243655856007843
"187",0.0985441030786655,0.512102220059147,8.92648281688037e-05,0.15128933423342,0.125695160092799,8.92648281687825e-05,8.9264828168776e-05,8.92648281688255e-05,0.111922858399806,8.92648234876169e-05
"188",6.0428162933252e-05,0.139246504409995,6.0428162933272e-05,6.04281629332543e-05,6.04281629332508e-05,6.04281629332497e-05,6.04281629332506e-05,6.04281629332543e-05,0.860270070286558,6.04281629145097e-05
"189",0.204966700975522,0.326066072008323,0.000199842146094524,0.000199842148191052,0.000199842146099488,0.000199842146099486,0.000199842146099485,0.000199842146099493,0.289656579175531,0.178111594961941
"190",0.0001984503229393,0.493725901830708,0.000198450322939302,0.147010572476602,0.17080474796179,0.000198450322939312,0.000198450322939282,0.000198450322939289,0.000198450322939303,0.187268075793264
"191",9.23096078584372e-05,0.869824771781842,9.2309607858431e-05,9.23096078590224e-05,9.23096078584394e-05,9.23096078584391e-05,9.23096078584391e-05,9.23096078584349e-05,0.12943675135529,9.23096078584393e-05
"192",8.69092393344705e-05,0.0876787917426202,8.69092393344931e-05,0.185216810803971,0.0916447092255033,8.69092393344692e-05,8.69092393344758e-05,8.69092393344606e-05,0.634938232791895,8.69092393380822e-05
